0.29876977152899825 0.9789103690685413
0.29525483304042177 0.8295254833040422
0.28646748681898065 0.6660808435852372
0.281195079086116 0.546572934973638
0.2126537785588752 0.4938488576449912
0.1634446397188049 0.45342706502636204
0.27240773286467485 0.2513181019332162
0.4270650263620387 0.16695957820738136
0.5114235500878734 0.18804920913884007
0.6256590509666081 0.17223198594024605
0.7680140597539543 0.2460456942003515
0.8875219683655536 0.437609841827768
0.827768014059754 0.4903339191564148
0.7820738137082601 0.5377855887521968
0.7381370826010545 0.5114235500878734
0.7434094903339191 0.6291739894551845
0.7416520210896309 0.7820738137082601
0.7504393673110721 0.9771528998242531
0.5746924428822495 0.9666080843585237
0.4182776801405975 0.9648506151142355
0.3268892794376098 0.46221441124780316
0.31985940246045697 0.35500878734622143
0.4428822495606327 0.22671353251318102
0.5254833040421792 0.26537785588752194
0.616871704745167 0.22495606326889278
0.7363796133567663 0.28646748681898065
0.7170474516695958 0.4094903339191564
0.4833040421792619 0.45694200351493847
0.5536028119507909 0.44991212653778556
0.6256590509666081 0.48857644991212656
0.4165202108963093 0.4991212653778559
0.4428822495606327 0.6115992970123023
0.5922671353251318 0.6010544815465729
0.5782073813708261 0.7047451669595782
0.46045694200351495 0.7100175746924429
0.43936731107205623 0.8101933216168717
0.5922671353251318 0.7978910369068541
