0.29349736379613356 0.9876977152899824
0.29349736379613356 0.8418277680140598
0.28998242530755713 0.687170474516696
0.28295254833040423 0.5518453427065027
0.26537785588752194 0.5483304042179262
0.15992970123022848 0.45694200351493847
0.27240773286467485 0.2530755711775044
0.4235500878734622 0.1704745166959578
0.44112478031634444 0.23022847100175747
0.37082601054481545 0.46397188049209137
0.4780316344463972 0.7557117750439367
0.7768014059753954 0.4833040421792619
0.5500878734622144 0.38137082601054484
0.5764499121265377 0.2618629173989455
0.632688927943761 0.18101933216168717
0.7662565905096661 0.2530755711775044
0.8892794376098418 0.44112478031634444
0.7838312829525483 0.5413005272407733
0.7416520210896309 0.5254833040421792
0.7398945518453427 0.6502636203866432
0.7434094903339191 0.7803163444639719
0.7469244288224957 0.9753954305799648
0.6098418277680141 0.9578207381370826
0.4850615114235501 0.9630931458699473
0.3989455184534271 0.9736379613356766
