0.29701230228471004 0.9806678383128296
0.29876977152899825 0.8260105448154658
0.28822495606326887 0.6766256590509666
0.28471001757469244 0.546572934973638
0.27065026362038663 0.5500878734622144
0.16520210896309315 0.45694200351493847
0.2759226713532513 0.24956063268892795
0.4270650263620387 0.17398945518453426
0.4727592267135325 0.2618629173989455
0.5746924428822495 0.2618629173989455
0.632688927943761 0.17926186291739896
0.7680140597539543 0.2565905096660808
0.8857644991212654 0.437609841827768
0.7838312829525483 0.5430579964850615
0.7398945518453427 0.5219683655536028
0.7416520210896309 0.6608084358523726
0.7398945518453427 0.81195079086116
0.7451669595782073 0.9771528998242531
0.6028119507908611 0.9543057996485061
0.4797891036906854 0.9666080843585237
0.3655536028119508 0.9789103690685413
