0.08386581469648563 0.6677316293929713
0.08386581469648563 0.5926517571884984
0.08546325878594249 0.5071884984025559
0.08226837060702875 0.4233226837060703
0.009584664536741214 0.40415335463258784
0.011182108626198083 0.31869009584664537
0.0878594249201278 0.273961661341853
0.1900958466453674 0.23242811501597443
0.2244408945686901 0.2787539936102236
0.28594249201277955 0.2779552715654952
0.32987220447284343 0.23322683706070288
0.420926517571885 0.268370607028754
0.5015974440894568 0.3218849840255591
0.5023961661341853 0.4057507987220447
0.4273162939297125 0.4169329073482428
0.4193290734824281 0.48642172523961663
0.42012779552715657 0.5583067092651757
0.4225239616613419 0.6661341853035144
0.3250798722044728 0.6653354632587859
0.24041533546325877 0.6669329073482428
0.15894568690095848 0.6661341853035144
